3 1 72 4203 8990 6748 8859 4146 6807 3442 5973 75 8859 4149 6807 75 8878 7619 75 2484 6807 8666 75 76 72 2 
1 1 6242 72 75 4663 897 5808 593 4303 10018 1963 8409 9909 6263 5850 1785 8287 75 2 
3 1 2831 4985 8948 2184 73 9895 7214 5097 2253 72 4267 9221 75 3039 7479 4304 5252 2 
2 1 7790 75 3805 9321 6674 76 2 
3 1 2056 6027 8820 5887 7214 3937 72 75 2056 3034 3939 8728 72 75 2056 3034 2831 72 6027 3949 5887 2 
0 1 72 3606 5986 75 6326 5030 75 72 4613 59 75 9892 8445 72 2 
3 1 87 5275 4542 7136 7915 4985 6948 8481 2184 72 9973 72 8226 5225 6124 2184 72 2 
2 1 7680 73 75 509 3671 3522 72 75 2075 10026 6650 4126 9874 75 75 7065 3868 75 75 766 5035 8909 5750 75 4215 75 75 2 
3 1 73 1792 2783 8947 7231 443 2896 7079 607 75 356 7871 72 2783 2398 2184 72 71 2 
1 1 9819 8878 4064 9373 72 6263 87 9175 5399 75 72 72 75 2 
3 1 3805 222 2223 2854 75 8990 75 2854 2849 8990 7877 76 9509 73 75 4319 10054 75 3784 1007 75 4718 2165 72 183 2 
0 1 3824 8909 5972 72 561 472 87 3512 692 8885 9874 4662 75 3583 2 
3 1 5311 2184 3926 188 802 87 5032 74 2184 4985 5337 75 461 75 318 2905 6845 7214 5488 8990 6684 2783 8540 75 6155 75 72 75 2244 2578 75 2 
2 1 7680 73 75 72 72 500 5972 6674 472 8888 8878 72 72 3787 2597 75 87 5197 8471 6320 429 4254 7336 9022 5808 75 2 
0 1 9929 75 3860 2188 6263 7407 72 75 3380 3675 75 5714 75 7680 75 572 6208 3860 2188 6263 7408 32 75 3675 4611 76 73 2 
2 1 4638 710 8878 73 8463 9690 3442 87 6838 4332 8990 897 7907 1298 87 3687 75 4178 8909 9846 897 6428 75 6064 9022 828 4382 4083 75 2 
0 1 5386 8878 8636 3522 73 8990 73 72 72 72 72 75 73 572 8463 75 76 2 
2 1 7680 73 75 5221 75 7680 73 9780 8875 5850 7214 75 1299 72 75 72 3373 8409 7263 5175 3522 72 5252 2 
2 1 73 8450 6837 1465 5402 3522 572 8888 75 72 2 
2 1 72 72 72 3498 75 76 2 
2 1 73 10018 1362 2463 8022 10026 72 6677 6263 72 9874 76 2 
3 1 7680 73 75 72 72 9043 72 72 72 72 72 75 76 75 6763 7680 71 2 
2 1 5252 73 8589 6756 5453 4683 1078 2666 8878 9688 8965 75 2 
0 1 6748 6263 5337 5399 75 5294 8878 1355 4382 8878 72 75 9780 2564 73 72 76 2 
2 1 9729 8047 9526 6263 72 72 2854 9371 239 75 87 6897 8264 3442 9372 76 4080 72 72 72 72 2 
2 1 73 73 6554 3947 87 1518 9874 460 257 3149 8878 7013 75 1958 74 7471 75 1287 9688 3442 4662 75 2630 75 75 75 75 2 
3 1 72 72 9566 6117 9750 9973 7370 2326 2783 1169 9179 75 2 
2 1 7680 73 75 8878 3578 6197 72 75 4480 3522 72 75 72 75 72 6089 75 74 4441 75 7423 710 76 75 2 
0 1 7680 73 75 75 73 8872 3442 3391 8909 75 76 2 
3 1 73 307 1247 75 4734 8990 1111 75 7115 619 72 9973 72 75 4734 9959 1581 9976 6027 5488 8388 8101 9436 75 71 319 9508 5672 7914 9973 6027 8388 2 
3 1 7680 73 75 4985 3242 3493 75 5488 5225 2446 9261 6432 9976 8949 7956 3841 87 72 75 2 
3 1 7680 73 75 4319 10074 2747 6407 6007 1684 75 4547 75 4873 6293 6285 8141 9621 206 72 72 1042 75 5320 75 6679 7680 75 75 2 
2 1 73 73 73 73 73 73 9846 8135 897 766 3442 4607 74 75 2 
2 1 72 7159 6365 72 8990 5761 9854 6675 76 72 72 72 72 72 72 72 72 2 
1 1 76 5608 75 4254 4008 10018 282 75 72 2 
1 1 72 8450 2415 5401 159 8990 72 600 6263 75 75 6246 75 75 5960 75 72 72 2 
1 1 4303 72 2560 3387 6700 75 10082 6263 72 74 8287 75 4254 5617 4016 8990 5080 8878 3418 472 3780 72 2 
2 1 8441 843 6610 5935 8990 897 1785 7844 8990 3336 6365 4203 8990 9367 72 6675 75 73 76 72 2 
2 1 72 5530 710 8878 5083 73 8463 75 76 2 
3 1 72 426 75 9435 6793 836 87 9496 2184 768 2528 72 72 75 2184 3858 75 2467 8878 72 75 9445 75 76 2 
2 1 72 2532 6954 3714 7338 75 8965 1678 75 9091 2753 472 5761 72 72 76 2 
1 1 8655 75 4601 75 3344 75 2261 75 10018 5138 75 10018 2415 2261 5850 3344 75 472 10018 2415 8929 460 3111 75 9942 75 72 72 2 
3 1 73 7168 75 7214 949 5562 75 72 72 72 2 
1 1 72 72 4638 1298 3254 1002 8867 73 2 
3 1 72 72 10580 10536 10585 10444 10512 10403 10520 10500 10522 10538 10386 10479 10583 10538 10441 10496 9221 412 9182 10044 3780 787 2 
2 1 9688 75 8120 9809 2539 7167 4165 472 3739 9005 5383 4274 1999 7795 75 72 75 2 
0 1 5972 4603 74 9330 4638 8878 991 75 4325 73 2 
2 1 72 72 72 4574 9526 72 72 72 72 76 2 
3 1 72 72 7827 979 6779 5389 2392 5257 75 7997 5565 854 4559 5257 75 6964 7827 5488 75 76 2 
2 1 8347 76 6263 73 561 8463 5189 669 8878 72 1010 75 2460 72 8990 8346 72 75 6875 6263 9192 2 
3 1 72 73 5608 75 1028 3638 4382 9113 75 8304 172 9854 74 75 4642 75 76 2 
2 1 4067 282 75 4613 74 75 8869 10018 75 73 75 423 8909 8051 4016 5971 1225 4382 8878 3380 6725 75 72 2 
1 1 9851 72 5711 6263 4382 72 74 75 4662 7906 8874 72 8277 2528 6064 8409 757 72 72 72 2 
3 1 7680 73 75 7680 73 75 74 9117 3590 5510 4928 10137 72 72 74 75 76 72 2 
3 1 4629 2154 2530 2916 75 2163 5968 72 72 72 2 
2 1 4254 9886 4303 8878 6648 9819 4001 73 4638 4148 6365 3442 572 8990 1292 4662 3522 8883 2 
2 1 72 7825 8874 72 2536 87 1260 9809 4662 3211 8990 189 72 4382 74 75 9869 74 6197 5850 3098 75 2820 9719 5307 5157 8874 74 2 
3 1 72 6202 4004 5479 9966 77 2 
0 1 7680 73 75 72 7499 8062 72 75 5266 5157 7842 3333 75 1287 4638 7842 3202 76 1925 1287 6027 8308 2 
3 1 10280 10270 72 10325 10207 10170 76 2 
2 1 1528 6365 75 75 73 3535 75 1021 4127 75 5850 5143 87 5791 75 8218 75 75 7025 75 1298 73 75 75 75 76 72 5488 75 2 
3 1 1088 4944 5264 73 4662 75 2302 72 4330 6562 75 5446 75 5683 9284 6877 3590 72 75 76 2 
3 1 7680 73 75 72 72 72 72 72 72 72 72 72 72 72 72 75 2 
3 1 1424 73 7870 5584 354 72 9973 5488 2242 3930 8254 2831 2783 9804 2 
0 1 1364 1255 87 9758 75 3714 87 72 9758 72 3498 75 76 2 
1 1 73 75 72 6263 4615 1440 1355 570 2447 7017 75 3503 75 2 
3 1 73 7386 2783 72 6466 5599 72 75 72 2184 6124 75 71 2 
2 1 72 1471 6263 72 75 10018 4016 8990 897 87 72 72 8990 9367 4662 75 4220 6870 76 72 72 2 
3 1 9976 5994 2831 72 3034 87 7781 2 
2 1 7680 73 75 72 8586 72 5790 75 8878 2752 4662 1963 4016 6263 72 1729 76 2 
2 1 73 9023 10026 72 9552 75 72 2 
3 1 5225 5517 2255 72 2960 7214 318 9976 7137 2161 2783 72 87 9167 72 2326 9152 1459 75 72 2 
2 1 9926 10018 5264 710 8874 75 73 2539 73 8509 9778 669 9780 75 76 72 72 2 
2 1 73 4254 5282 87 5284 8874 4254 6424 3442 73 73 3050 75 75 72 6232 9780 75 6836 3990 2 
3 1 7759 619 2528 72 75 2 
1 1 73 4662 8610 5488 8874 73 8930 9328 460 2952 373 119 753 75 472 8892 6027 75 75 751 8909 1785 75 75 1290 75 2 
1 1 73 72 3772 6263 4609 4638 9502 8184 9720 1002 6263 997 8269 8909 7013 75 6320 3750 5488 8878 4610 2 
0 1 75 4254 8904 4254 8051 9903 3442 72 75 7010 8878 991 1731 8990 9903 3442 75 6232 472 72 2 
2 1 4203 8990 4842 9328 9874 6379 74 72 3429 76 3442 8917 6197 10018 9874 8909 5428 9178 7633 6263 75 4259 6064 8891 10005 75 2 
3 1 72 5608 2025 7953 9040 718 2120 7666 76 72 72 2 
3 1 73 2831 8998 5032 72 318 8703 2831 72 76 2 
3 1 10083 72 9649 9416 7288 10068 75 4099 2184 7330 6293 2184 6840 481 75 76 2 
3 1 7680 73 75 7680 73 75 10398 10423 10567 74 10576 10485 10387 10555 10545 10513 10563 10542 76 72 72 72 2 
2 1 3902 75 73 7941 74 5640 4613 74 4382 74 2179 75 9980 75 3360 76 9509 73 2 
3 1 73 4708 5517 2448 9959 4985 7276 7140 4702 8067 5225 7125 2831 72 5488 1957 2783 6240 6046 75 4704 2 
3 1 6195 75 72 9095 3805 9025 9244 72 76 75 2 
3 1 6238 75 4319 962 3668 354 5630 600 4958 916 73 75 2 
1 1 1298 3254 8878 9924 3141 9340 6365 6197 525 9492 6197 4603 73 72 2 
3 1 7680 73 5059 867 3016 4397 2156 5059 3606 5986 72 72 2 
2 1 72 75 7790 9321 4274 1999 7795 75 6885 72 72 5986 75 75 75 76 2 
3 1 4287 6777 1015 2156 4973 75 6647 4686 908 4978 2304 1871 75 2926 3210 7374 3200 75 72 72 2 
3 1 76 6155 7214 7345 6792 5814 1697 6155 9854 74 72 72 2 
2 1 7081 8874 5850 2126 5292 5850 8139 5761 75 7680 73 9882 9328 8990 5850 2126 710 5850 2571 9874 5850 5972 6674 75 4027 8609 5488 75 9785 8990 73 75 2 
2 1 72 8057 75 6202 3525 5850 1232 75 9780 75 8965 3442 8173 4254 3897 75 72 72 72 2 
3 1 4985 657 2831 72 8720 75 3000 74 2184 6089 75 75 73 75 72 75 72 75 80 75 72 2831 72 73 2 
2 1 7680 73 75 833 75 3687 862 75 7680 73 75 75 73 3245 2943 4147 8368 710 8878 3687 8463 76 2 
2 1 72 10018 5971 8694 8038 6263 72 73 71 2 
2 1 72 7825 4287 4638 1713 8990 8878 72 7720 472 75 8889 8051 9903 9874 74 2380 76 2 
2 1 72 632 6544 590 6654 6197 1452 8990 72 7547 76 2 
2 1 3797 5306 8990 72 8744 7680 73 75 72 4577 5797 72 8264 6263 72 72 76 72 2 
3 1 1015 7473 4971 6676 72 72 72 774 4969 2458 2 
2 1 7680 73 75 3813 208 7574 3442 7183 9719 74 6197 9033 7574 75 8222 75 632 72 2088 8878 1721 944 8258 8990 254 75 2 
2 1 4274 1999 7795 8990 8459 1408 1264 8197 9372 72 72 76 4217 72 2 
2 1 5157 8990 3714 5850 3981 6263 460 4274 1999 7795 72 72 2 
1 1 4638 8878 8308 6197 1766 8874 8309 5157 6164 72 2 
2 1 4027 682 8135 9813 8878 4140 710 75 8028 9008 4111 9812 8878 5925 2968 9788 4254 5288 73 2 
2 1 315 75 9830 4638 72 8222 72 2 
2 1 1362 8274 3148 8680 8990 5488 5157 2568 3714 5352 710 5488 1439 72 460 3194 5850 8038 75 2 
2 1 3174 1397 75 75 75 73 75 3805 2847 7877 3442 5242 75 4382 9372 76 72 2 
2 1 843 1822 6043 6674 2199 75 10018 1362 7262 4111 6263 8874 75 76 75 72 72 2 
3 1 2148 901 73 8463 5168 1464 76 2 
2 1 7680 73 75 72 3442 8917 8425 10020 5971 6870 6263 72 2 
1 1 2190 72 75 4254 8051 6277 4016 8990 4127 8878 9854 9330 1290 18 75 9809 5427 7704 9333 75 6064 74 6320 74 8969 75 72 2 
2 1 72 72 478 74 4274 1999 7795 7869 6108 766 3442 2599 76 72 2 
1 1 4254 4008 5850 73 1785 75 8876 74 2552 2597 8878 2611 75 2 
1 1 7680 73 75 8222 8909 8207 3552 5573 4638 4912 73 4653 9874 5972 4604 9330 75 9144 7537 75 9809 388 2796 72 75 7537 75 2 
2 1 3194 472 72 6202 2 
2 1 7680 73 75 75 7680 73 75 75 73 3245 2943 4147 8368 710 8878 3687 8463 76 2 
3 1 478 899 10612 72 72 2 
2 1 1021 5698 75 4382 6270 9763 75 73 72 4129 74 9372 75 74 9367 72 74 76 9509 73 2 
0 1 5608 3151 5972 4378 4382 9854 74 8409 7852 7877 75 76 72 73 72 72 2 
3 1 3108 5599 7293 3765 2831 72 3034 2910 74 2184 74 71 3841 87 9379 9973 87 8617 7680 9973 2831 9459 3034 2184 72 9999 8381 2 
0 1 4254 71 73 76 2 
2 1 8878 5972 7790 3606 5986 75 76 72 72 72 73 73 2 
3 1 72 8949 4985 5388 1961 2184 6825 1112 2057 10011 5488 9642 71 2 
3 1 7680 73 75 428 2184 5029 7390 8231 8067 147 2184 8835 9262 7431 75 2831 72 5093 5032 7320 9973 2831 72 9504 6845 75 2 
2 1 7680 75 1687 472 6945 75 5972 9492 6197 3805 6954 75 76 9509 73 72 72 2 
2 1 8878 3483 441 1729 8874 4016 1704 8990 2228 74 75 1470 6263 8878 9475 6197 9708 75 73 73 73 472 73 76 2 
2 1 73 75 9830 10018 6027 5116 5488 6910 75 6330 4613 59 75 2 
2 1 7680 73 75 3813 208 7574 3442 7183 9719 74 6197 9033 7574 75 8222 75 632 72 2088 8878 1721 944 8258 8990 254 75 2 
2 1 4254 9702 8990 897 87 72 2099 75 2 
2 1 72 6202 71 3797 6012 3442 3084 75 2 
1 1 3199 7369 3211 72 4709 72 72 72 2 
3 1 2765 75 10013 2443 5225 7214 7250 9969 2960 5625 72 71 2 
2 1 3805 244 9026 76 72 72 72 2 
0 1 6270 5761 6689 6197 8878 7983 7103 4382 8878 72 75 4254 429 4382 5288 9874 72 76 2 
2 1 73 7680 73 72 472 72 3795 3714 8568 902 9328 5413 3084 812 8222 7367 2 
2 1 7062 4638 87 7020 75 8609 8990 7897 87 7952 9029 9108 9919 4382 72 2 
2 1 5608 72 7983 75 75 3293 3832 567 8990 4016 7546 4382 87 2208 3272 72 76 2 
1 1 9233 75 9942 4638 9328 9874 388 8878 1170 73 73 75 2 
3 1 7680 73 75 7869 2497 739 72 72 2 
3 1 6449 8601 4287 75 72 72 2 
2 1 6296 9554 3462 236 1298 72 72 472 72 75 4203 1704 6027 5552 3442 6296 8311 5062 72 7392 75 72 72 2 
2 1 73 73 73 73 6763 1963 10018 8273 1919 72 8990 4766 72 9741 5935 4082 791 75 72 2 
1 1 73 9942 9830 1362 9741 6064 214 8878 5980 8990 87 3419 75 9741 632 412 4382 10026 9696 3632 75 8222 6763 2560 7452 9351 6197 4662 75 2 
2 1 8878 3860 8752 889 3535 73 73 73 472 5761 76 9509 73 2 
3 1 8316 9261 3889 2831 72 2 
3 1 572 9451 74 5642 2184 4613 74 2831 9110 2686 76 72 72 73 2 
3 1 9830 87 6661 2255 443 73 1353 5599 3476 2831 72 75 9966 4704 2 
3 1 9282 7885 2677 6879 8283 3683 75 75 1015 7214 8283 3683 525 8252 6774 9148 5250 75 76 2769 72 72 2 
3 1 6063 75 5593 1009 619 6027 72 3039 9255 1672 6556 75 6915 7380 3009 3476 2184 6107 75 5593 7657 3332 8992 2233 75 3953 2 
3 1 9678 9976 8951 72 73 9945 2 
1 1 73 3360 75 72 7574 2623 728 8990 72 2186 76 2 
3 1 73 4702 9973 2908 7214 7247 7214 8741 3156 2255 72 75 2 
2 1 72 460 73 4623 9035 3522 73 75 3714 8878 73 4067 9916 819 5531 561 75 76 72 2 
3 1 9192 4582 2156 4604 75 5377 5059 1948 3492 525 1832 6515 1446 5775 3048 7088 8984 75 6665 5616 3217 1715 4583 73 2 
2 1 4083 1710 3199 7369 75 3193 9306 72 72 72 72 72 2 
3 1 73 572 1061 4613 7702 3442 8022 2517 75 9176 75 3768 472 5371 1054 75 76 72 72 72 2 
3 1 6155 478 74 4274 1999 7795 286 2184 1877 3017 6477 6155 9854 6674 74 72 72 2 
3 1 72 6942 9262 554 6466 1905 2783 1868 2184 2863 76 72 9973 72 2251 7111 8112 75 2 
2 1 9192 6610 9809 8274 1086 10018 1362 8895 7897 9346 9199 2458 8990 8883 75 72 2 
2 1 7680 73 75 75 73 3245 2943 4147 8368 710 8878 3687 8463 76 2 
1 1 73 4303 10018 9702 8990 4910 9799 2088 8904 2568 7947 9333 9874 8878 75 75 6058 75 75 7557 221 75 9819 4588 8874 530 75 72 2 
3 1 76 72 72 72 76 2 
0 1 843 8906 10018 4016 8990 897 87 1785 7843 8990 9367 478 76 72 72 75 4254 299 8990 8270 3172 75 2 
3 1 72 6027 7870 7214 639 8119 8943 71 2 
2 1 9987 75 73 4638 9331 75 6734 6677 75 72 76 2 
0 1 6263 87 6863 6067 75 248 1904 6197 10026 2166 9356 4638 87 7344 3860 4290 71 72 72 2 
2 1 7449 9809 73 472 73 9788 4801 3527 72 2 
3 1 1246 6033 75 72 3518 75 5488 2342 7180 5488 9642 87 6824 3937 5599 8727 2184 170 75 7180 3405 75 6643 6027 7870 5488 6641 3210 525 1606 75 2 
2 1 4254 9869 72 9926 8789 5488 9819 7562 5850 8503 75 2 
1 1 6277 6610 9874 5898 936 9874 75 88 632 3719 5370 8909 9763 11 4985 72 75 2 
2 1 3358 5242 821 4382 75 9799 75 72 9328 72 75 2 
3 1 72 4704 5488 2899 7214 318 2831 2783 72 7870 1092 3692 5672 8600 6992 5488 1093 72 2 
1 1 72 72 5497 1466 3900 72 72 2 
3 1 7680 73 75 74 2304 74 6774 3844 9545 2184 3489 5873 6515 2184 1781 72 75 76 1444 73 73 2 
1 1 4638 4662 5488 6320 2539 5850 72 7703 8185 8120 8878 72 74 9330 75 73 73 2 
2 1 9221 7162 9667 1710 8990 5645 6263 72 1287 5116 5488 9143 472 2528 4662 4331 897 87 7305 6320 8275 8203 8878 5954 6197 2327 72 75 2 
3 1 76 72 72 2 
1 1 2143 10018 75 73 2 
3 1 73 87 7666 6129 8978 75 5377 6346 2220 6027 72 4060 72 2 
3 1 72 72 7746 4349 75 5335 75 75 3726 9111 9270 9500 281 75 2690 76 72 72 4662 2 
1 1 7680 73 75 2190 73 75 4664 5488 282 75 8869 3442 909 5972 4603 3289 75 1287 4254 5678 8270 6197 8878 6245 6272 75 5157 5386 1345 75 8862 75 2 
3 1 72 72 72 1028 3638 5206 87 2210 6845 9261 516 1420 2184 5744 1898 5608 76 2 
3 1 72 72 72 72 75 10362 75 75 50 75 75 8581 4023 448 75 75 74 75 75 74 75 75 10224 75 74 75 76 2 
2 1 73 1362 10018 3714 10026 6674 8990 8459 9512 9809 10018 3714 87 8860 75 2 
0 1 72 2494 6365 3498 3380 75 3675 9934 3982 710 4675 8465 76 2 
3 1 7759 72 75 2 
2 1 5850 1977 73 4638 5972 8990 72 2623 4111 87 3423 472 8057 4111 8270 5288 75 2984 4303 10018 5157 72 72 72 75 72 72 2 
3 1 72 5018 8145 6222 2184 72 76 2 
3 1 72 75 3666 8778 623 75 76 72 72 72 2 
3 1 370 2184 72 9973 72 5599 9525 3017 9402 75 10018 5994 8947 8820 2184 7223 75 2 
3 1 4207 72 3484 9973 72 5488 6540 5032 6597 75 2 
2 1 9980 75 4801 7358 9777 5122 8990 4766 72 6974 75 8872 72 2 
0 1 72 72 9034 1103 72 4646 787 75 2 
0 1 3795 3442 87 7703 75 909 5765 75 5399 2528 4254 5288 4603 74 73 75 72 2 
1 1 8171 5474 75 7680 73 6210 1107 13 75 7680 73 75 72 3210 72 3442 3283 7766 76 2 
3 1 7214 1246 3494 7214 4022 2831 72 5488 6475 7214 9642 87 3937 9261 5133 75 4702 2 
2 1 4613 59 75 8003 8135 3442 10026 9184 75 76 73 72 72 72 2 
1 1 6064 3992 9874 73 7601 6108 75 8878 9336 8990 5850 4674 9023 6365 5850 4673 472 5026 75 72 2 
